    1.0000   37.0000   11.0000    1.0000         0    1.0000    1.0000         0         0    9.9300
    1.0000   22.0000    9.0000         0    1.0000         0    1.0000         0         0    3.5959
    1.0000   30.0000   12.0000    1.0000         0         0         0         0         0   24.9094
    1.0000   27.0000   11.0000    1.0000         0         0    1.0000         0         0    7.5061
    1.0000   33.0000    8.0000    1.0000         0         0    1.0000         0         0    0.2898
    1.0000   22.0000    9.0000    1.0000         0         0    1.0000         0         0    4.0565
    1.0000   23.0000   12.0000    1.0000         0         0         0         0         0         0
    1.0000   32.0000   11.0000    1.0000         0         0    1.0000         0         0    8.4722
    1.0000   22.0000   16.0000    1.0000         0         0         0         0         0    2.1640
    1.0000   33.0000   12.0000         0         0    1.0000         0         0         0   12.4181
    1.0000   19.0000    9.0000    1.0000         0         0    1.0000         0         0    8.1739
    1.0000   21.0000   13.0000    1.0000         0         0         0         0         0   17.0946
    1.0000   18.0000    8.0000    1.0000         0         0    1.0000         0         0         0
    1.0000   27.0000   10.0000    1.0000         0    1.0000    1.0000         0         0   18.7399
    1.0000   17.0000    7.0000    1.0000         0         0    1.0000         0         0    3.0239
    1.0000   19.0000   10.0000    1.0000         0         0    1.0000         0         0    3.2285
    1.0000   27.0000   13.0000    1.0000         0         0         0         0         0   14.5819
    1.0000   23.0000   10.0000    1.0000         0         0    1.0000         0         0    7.6934
    1.0000   40.0000   12.0000    1.0000         0         0         0         0         0   10.8043
    1.0000   26.0000   12.0000    1.0000         0         0         0         0         0   10.7474
    1.0000   23.0000   11.0000    1.0000         0         0    1.0000         0         0         0
    1.0000   41.0000   14.0000         0         0         0         0         0         0    5.1495
    1.0000   38.0000    9.0000         0         0         0    1.0000         0         0    6.4089
    1.0000   24.0000   11.0000    1.0000         0         0    1.0000         0         0    1.9914
    1.0000   18.0000   10.0000    1.0000         0         0    1.0000         0         0   11.1632
    1.0000   29.0000   11.0000    1.0000         0    1.0000    1.0000         0         0    9.6430
    1.0000   25.0000   11.0000    1.0000         0         0    1.0000         0         0    9.8970
    1.0000   27.0000   10.0000         0    1.0000         0    1.0000         0         0   11.1429
    1.0000   17.0000   10.0000    1.0000         0         0    1.0000         0         0   16.2180
    1.0000   24.0000   11.0000    1.0000         0         0    1.0000         0         0    0.9957
    1.0000   17.0000   10.0000    1.0000         0         0    1.0000         0         0         0
    1.0000   48.0000    4.0000    1.0000         0         0    1.0000         0         0    6.5516
    1.0000   25.0000   11.0000    1.0000         0    1.0000    1.0000         0         0    1.5744
    1.0000   20.0000   12.0000    1.0000         0         0         0         0         0         0
    1.0000   25.0000   12.0000    1.0000         0         0         0         0         0    3.1918
    1.0000   42.0000   14.0000    1.0000         0         0         0         0         0   20.5059
    1.0000   25.0000    5.0000    1.0000         0         0    1.0000         0         0    6.1819
    1.0000   23.0000   12.0000    1.0000         0    1.0000         0         0         0    5.9116
    1.0000   46.0000    8.0000    1.0000         0    1.0000    1.0000         0         0    3.0942
    1.0000   24.0000   10.0000    1.0000         0         0    1.0000         0         0         0
    1.0000   21.0000   12.0000    1.0000         0         0         0         0         0    1.2546
    1.0000   19.0000    9.0000         0         0         0    1.0000         0         0   13.1888
    1.0000   17.0000    8.0000    1.0000         0         0    1.0000         0         0    8.0615
    1.0000   18.0000    8.0000         0    1.0000    1.0000    1.0000         0         0    2.7880
    1.0000   20.0000   11.0000    1.0000         0         0    1.0000         0         0    3.9725
    1.0000   25.0000   11.0000    1.0000         0    1.0000    1.0000         0         0         0
    1.0000   17.0000    8.0000    1.0000         0         0    1.0000         0         0         0
    1.0000   17.0000    9.0000    1.0000         0         0    1.0000         0         0         0
    1.0000   25.0000    5.0000    1.0000         0         0    1.0000         0         0   12.1874
    1.0000   23.0000   12.0000    1.0000         0         0         0         0         0    4.8432
    1.0000   28.0000    8.0000    1.0000         0         0    1.0000         0         0         0
    1.0000   31.0000   11.0000    1.0000         0    1.0000    1.0000         0         0    8.0875
    1.0000   18.0000   11.0000    1.0000         0         0    1.0000         0         0         0
    1.0000   25.0000   12.0000    1.0000         0         0         0         0         0    2.3490
    1.0000   30.0000   11.0000    1.0000         0    1.0000    1.0000         0         0    0.5908
    1.0000   17.0000   10.0000    1.0000         0         0    1.0000         0         0         0
    1.0000   37.0000    9.0000    1.0000         0         0    1.0000         0         0    1.0675
    1.0000   41.0000    4.0000    1.0000         0    1.0000    1.0000         0         0    7.2850
    1.0000   42.0000   14.0000    1.0000         0    1.0000         0         0         0   13.1675
    1.0000   22.0000   11.0000         0         0         0    1.0000         0         0    1.0484
    1.0000   17.0000    8.0000    1.0000         0         0    1.0000         0         0         0
    1.0000   29.0000    8.0000    1.0000         0         0    1.0000         0         0    1.9239
    1.0000   35.0000   10.0000    1.0000         0         0    1.0000         0         0    4.6662
    1.0000   27.0000   11.0000    1.0000         0         0    1.0000         0         0    0.5493
    1.0000   29.0000    4.0000    1.0000         0         0    1.0000         0         0    0.7629
    1.0000   28.0000    9.0000    1.0000         0         0    1.0000         0         0   10.6943
    1.0000   27.0000   11.0000    1.0000         0         0    1.0000         0         0         0
    1.0000   23.0000    7.0000         0         0         0    1.0000         0         0         0
    1.0000   45.0000    5.0000    1.0000         0    1.0000    1.0000         0         0    8.5467
    1.0000   29.0000   13.0000    1.0000         0         0         0         0         0    7.4797
    1.0000   27.0000    9.0000    1.0000         0         0    1.0000         0         0         0
    1.0000   46.0000   13.0000    1.0000         0         0         0         0         0    0.6472
    1.0000   18.0000    6.0000    1.0000         0         0    1.0000         0         0         0
    1.0000   25.0000   12.0000    1.0000         0         0         0         0         0   11.9658
    1.0000   28.0000   15.0000    1.0000         0         0         0         0         0    9.5985
    1.0000   25.0000   11.0000         0         0         0    1.0000         0         0   18.7833
    1.0000   22.0000   12.0000    1.0000         0         0         0         0         0   18.6781
    1.0000   21.0000    9.0000    1.0000         0         0    1.0000         0         0         0
    1.0000   40.0000   11.0000    1.0000         0         0    1.0000         0         0   23.0056
    1.0000   22.0000   11.0000    1.0000         0         0    1.0000         0         0    6.4567
    1.0000   25.0000   12.0000    1.0000         0         0         0         0         0         0
    1.0000   18.0000   12.0000    1.0000         0         0         0         0         0    2.3211
    1.0000   38.0000   12.0000         0         0         0         0         0         0    4.9418
    1.0000   27.0000   13.0000    1.0000         0         0         0         0         0         0
    1.0000   27.0000    8.0000    1.0000         0         0    1.0000         0         0         0
    1.0000   38.0000   11.0000    1.0000         0         0    1.0000         0         0         0
    1.0000   23.0000    8.0000         0    1.0000         0    1.0000         0         0    3.8813
    1.0000   26.0000   11.0000    1.0000         0         0    1.0000         0         0   17.2310
    1.0000   21.0000   12.0000         0         0         0         0         0         0    8.0486
    1.0000   25.0000    8.0000    1.0000         0         0    1.0000         0         0         0
    1.0000   31.0000   11.0000    1.0000         0    1.0000    1.0000         0         0   14.5099
    1.0000   17.0000   10.0000    1.0000         0         0    1.0000         0         0         0
    1.0000   25.0000   11.0000    1.0000         0         0    1.0000         0         0         0
    1.0000   21.0000   12.0000    1.0000         0         0         0         0         0    9.9838
    1.0000   44.0000   11.0000    1.0000         0         0    1.0000         0         0         0
    1.0000   25.0000   12.0000         0         0         0         0         0         0    5.5875
    1.0000   18.0000    9.0000    1.0000         0         0    1.0000         0         0    4.4828
    1.0000   42.0000   12.0000    1.0000         0         0         0         0         0    2.4562
    1.0000   25.0000   10.0000    1.0000         0         0    1.0000         0         0         0
    1.0000   31.0000    9.0000         0    1.0000         0    1.0000         0         0   26.8176
    1.0000   24.0000   10.0000    1.0000         0         0    1.0000         0         0         0
    1.0000   26.0000   10.0000    1.0000         0         0    1.0000         0         0    9.2658
    1.0000   25.0000   11.0000    1.0000         0         0    1.0000         0         0    0.4852
    1.0000   18.0000   11.0000    1.0000         0         0    1.0000         0         0    4.8146
    1.0000   19.0000   11.0000    1.0000         0         0    1.0000         0         0    7.4581
    1.0000   43.0000    9.0000    1.0000         0         0    1.0000         0         0         0
    1.0000   27.0000   13.0000    1.0000         0         0         0         0         0   34.0993
    1.0000   17.0000    9.0000    1.0000         0         0    1.0000         0         0    1.9533
    1.0000   30.0000   11.0000    1.0000         0         0    1.0000         0         0         0
    1.0000   26.0000   10.0000    1.0000         0    1.0000    1.0000    2.0280         0         0
    1.0000   20.0000    9.0000    1.0000         0         0    1.0000    6.0840         0    8.8817
    1.0000   17.0000    9.0000         0    1.0000         0    1.0000    0.4452    0.0743    6.2107
    1.0000   20.0000   12.0000    1.0000         0         0         0    0.9893    0.1652         0
    1.0000   18.0000   11.0000    1.0000         0         0    1.0000    0.8583    0.2146    0.9299
    1.0000   27.0000   12.0000    1.0000         0    1.0000         0    3.6709    0.3340         0
    1.0000   21.0000   12.0000         0         0         0         0    3.6709    0.3340   12.5580
    1.0000   27.0000   12.0000    1.0000         0         0         0    2.1434    0.3579   22.1633
    1.0000   20.0000   12.0000    1.0000         0         0         0         0    0.3776    1.6526
    1.0000   19.0000   10.0000    1.0000         0         0    1.0000         0    0.3853    8.1247
    1.0000   23.0000   12.0000    1.0000         0         0         0    5.5063    0.5011    0.6713
    1.0000   29.0000   14.0000    1.0000         0         0         0         0    0.6797   17.8150
    1.0000   18.0000   10.0000    1.0000         0         0    1.0000         0    0.7989    9.7372
    1.0000   19.0000    9.0000    1.0000         0         0    1.0000         0    0.7989   17.6852
    1.0000   27.0000   13.0000         0         0    1.0000         0    9.3816    0.8537         0
    1.0000   18.0000   11.0000         0         0         0    1.0000    3.6782    0.9196    4.3217
    1.0000   27.0000    9.0000    1.0000         0    1.0000    1.0000         0    0.9344    1.7734
    1.0000   22.0000   12.0000    1.0000         0         0         0    5.6059    0.9362         0
    1.0000   23.0000   10.0000    1.0000         0    1.0000    1.0000         0    0.9364   11.2333
    1.0000   23.0000   12.0000         0    1.0000         0         0    9.3857    1.1174    0.5594
    1.0000   20.0000   11.0000    1.0000         0         0    1.0000    3.6375    1.2208    1.0854
    1.0000   17.0000    9.0000    1.0000         0         0    1.0000    1.7165    1.2534    5.4452
    1.0000   28.0000   11.0000    1.0000         0         0    1.0000         0    1.2841   60.3079
    1.0000   26.0000   11.0000    1.0000         0    1.0000    1.0000         0    1.3929    1.4604
    1.0000   20.0000   11.0000    1.0000         0         0    1.0000   16.3186    1.4850    6.9433
    1.0000   24.0000   11.0000    1.0000         0    1.0000    1.0000    0.8244    1.6661    4.0327
    1.0000   31.0000    9.0000    1.0000         0         0    1.0000         0    1.6986   10.3633
    1.0000   23.0000    8.0000         0         0    1.0000    1.0000         0    1.7132    4.2323
    1.0000   18.0000   10.0000    1.0000         0         0    1.0000    2.1434    1.7843   11.1414
    1.0000   29.0000   12.0000    1.0000         0         0         0   10.8819    1.8173         0
    1.0000   26.0000   11.0000         0         0         0    1.0000         0    2.2263   13.3859
    1.0000   24.0000    9.0000    1.0000         0         0    1.0000    9.1547    2.2887    4.8496
    1.0000   25.0000   12.0000    1.0000         0         0         0   14.4268    2.4093         0
    1.0000   24.0000   10.0000    1.0000         0         0    1.0000    4.2504    2.4219    1.6605
    1.0000   46.0000    8.0000    1.0000         0         0    1.0000    3.1657    2.5947         0
    1.0000   31.0000   12.0000         0         0         0         0         0    2.6112    2.4845
    1.0000   19.0000   11.0000    1.0000         0         0    1.0000    2.3050    2.6153    4.1466
    1.0000   19.0000    8.0000    1.0000         0         0    1.0000         0    2.6571    9.9707
    1.0000   27.0000   11.0000    1.0000         0         0    1.0000    2.2069    2.6663         0
    1.0000   26.0000   11.0000    1.0000         0    1.0000    1.0000         0    2.7546   26.3723
    1.0000   20.0000   10.0000    1.0000         0         0    1.0000    5.0057    2.7774    5.6152
    1.0000   28.0000   10.0000    1.0000         0         0    1.0000         0    2.8365    3.1966
    1.0000   24.0000   12.0000    1.0000         0         0         0   13.7658    2.8428    6.1677
    1.0000   19.0000    8.0000    1.0000         0         0    1.0000    2.6364    2.9373    7.5359
    1.0000   23.0000   12.0000    1.0000         0         0         0    6.2693    3.0400    8.4842
    1.0000   42.0000    9.0000    1.0000         0    1.0000    1.0000         0    3.0585    1.2944
    1.0000   25.0000   13.0000    1.0000         0         0         0   12.3629    3.0907         0
    1.0000   18.0000    9.0000    1.0000         0         0    1.0000         0    3.2874    5.0103
    1.0000   21.0000   12.0000    1.0000         0         0         0    6.4737    3.3324    9.3710
    1.0000   27.0000   10.0000    1.0000         0         0    1.0000    1.0011    3.5501         0
    1.0000   21.0000    8.0000    1.0000         0         0    1.0000    0.9893    3.6959    4.2796
    1.0000   22.0000    9.0000    1.0000         0         0    1.0000    2.1929    3.8370    3.4626
    1.0000   31.0000    4.0000    1.0000         0         0    1.0000    8.5176    4.0232    7.3825
    1.0000   24.0000   10.0000    1.0000         0    1.0000    1.0000   11.7032    4.0782         0
    1.0000   29.0000   10.0000    1.0000         0         0    1.0000         0    4.3990         0
    1.0000   29.0000   12.0000    1.0000         0         0         0    9.7484    4.8789   10.9765
    1.0000   19.0000   10.0000         0         0         0    1.0000         0    5.3241   13.8296
    1.0000   19.0000   11.0000         0    1.0000    1.0000    1.0000    5.4245    5.4638    6.7885
    1.0000   31.0000    9.0000    1.0000         0         0    1.0000   10.7170    5.5178    9.5585
    1.0000   22.0000   10.0000    1.0000         0    1.0000    1.0000    1.4683    5.5887   13.2283
    1.0000   21.0000    9.0000    1.0000         0         0    1.0000    6.4165    5.7493    0.7437
    1.0000   17.0000   10.0000    1.0000         0         0    1.0000    1.2915    5.7939    5.5228
    1.0000   26.0000   12.0000    1.0000         0    1.0000         0    8.4088    5.7948    1.4249
    1.0000   20.0000    9.0000         0    1.0000         0    1.0000   12.2608    5.8750    1.3586
    1.0000   19.0000   10.0000    1.0000         0         0    1.0000    4.1219    6.0568         0
    1.0000   26.0000   10.0000    1.0000         0         0    1.0000   25.9297    6.7890    0.6729
    1.0000   28.0000   11.0000    1.0000         0         0    1.0000    1.9290    6.8719         0
    1.0000   22.0000   12.0000         0    1.0000    1.0000         0    0.4922    7.0557   10.0928
    1.0000   33.0000   11.0000    1.0000         0         0    1.0000         0    7.8679    6.2814
    1.0000   22.0000   12.0000         0         0         0         0    6.7600    8.4555   12.5907
    1.0000   29.0000   10.0000         0    1.0000         0    1.0000         0    8.8537    5.1120
    1.0000   33.0000   12.0000    1.0000         0    1.0000         0   20.2799   10.9413   15.9526
    1.0000   25.0000   14.0000    1.0000         0    1.0000         0   35.0401   11.5366   36.6469
    1.0000   35.0000    9.0000    1.0000         0    1.0000    1.0000   13.6024   13.8306   12.8040
    1.0000   35.0000    8.0000    1.0000         0    1.0000    1.0000   13.7321   17.9762    3.7866
    1.0000   33.0000   11.0000    1.0000         0    1.0000    1.0000   14.6607   25.1422    4.1819

