1	37	11	1	0	1	1	0	0	9930.046	1	1
1	22	9	0	1	0	1	0	0	3595.894	1	1
1	30	12	1	0	0	0	0	0	24909.45	1	1
1	27	11	1	0	0	1	0	0	7506.146	1	1
1	33	8	1	0	0	1	0	0	289.7899	1	1
1	22	9	1	0	0	1	0	0	4056.494	1	1
1	23	12	1	0	0	0	0	0	0	1	1
1	32	11	1	0	0	1	0	0	8472.158	1	1
1	22	16	1	0	0	0	0	0	2164.022	1	1
1	33	12	0	0	1	0	0	0	12418.07	1	1
1	19	9	1	0	0	1	0	0	8173.908	1	1
1	21	13	1	0	0	0	0	0	17094.64	1	1
1	18	8	1	0	0	1	0	0	0	1	1
1	27	10	1	0	1	1	0	0	18739.93	1	1
1	17	7	1	0	0	1	0	0	3023.879	1	1
1	19	10	1	0	0	1	0	0	3228.503	1	1
1	27	13	1	0	0	0	0	0	14581.86	1	1
1	23	10	1	0	0	1	0	0	7693.4	1	1
1	40	12	1	0	0	0	0	0	10804.32	1	1
1	26	12	1	0	0	0	0	0	10747.35	1	1
1	23	11	1	0	0	1	0	0	0	1	1
1	41	14	0	0	0	0	0	0	5149.501	1	1
1	38	9	0	0	0	1	0	0	6408.95	1	1
1	24	11	1	0	0	1	0	0	1991.4	1	1
1	18	10	1	0	0	1	0	0	11163.17	1	1
1	29	11	1	0	1	1	0	0	9642.999	1	1
1	25	11	1	0	0	1	0	0	9897.049	1	1
1	27	10	0	1	0	1	0	0	11142.87	1	1
1	17	10	1	0	0	1	0	0	16218.04	1	1
1	24	11	1	0	0	1	0	0	995.7002	1	1
1	17	10	1	0	0	1	0	0	0	1	1
1	48	4	1	0	0	1	0	0	6551.592	1	1
1	25	11	1	0	1	1	0	0	1574.424	1	1
1	20	12	1	0	0	0	0	0	0	1	1
1	25	12	1	0	0	0	0	0	3191.753	1	1
1	42	14	1	0	0	0	0	0	20505.93	1	1
1	25	5	1	0	0	1	0	0	6181.88	1	1
1	23	12	1	0	1	0	0	0	5911.551	1	1
1	46	8	1	0	1	1	0	0	3094.156	1	1
1	24	10	1	0	0	1	0	0	0	1	1
1	21	12	1	0	0	0	0	0	1254.582	1	1
1	19	9	0	0	0	1	0	0	13188.83	1	1
1	17	8	1	0	0	1	0	0	8061.485	1	1
1	18	8	0	1	1	1	0	0	2787.96	1	1
1	20	11	1	0	0	1	0	0	3972.54	1	1
1	25	11	1	0	1	1	0	0	0	1	1
1	17	8	1	0	0	1	0	0	0	1	1
1	17	9	1	0	0	1	0	0	0	1	1
1	25	5	1	0	0	1	0	0	12187.41	1	1
1	23	12	1	0	0	0	0	0	4843.176	1	1
1	28	8	1	0	0	1	0	0	0	1	1
1	31	11	1	0	1	1	0	0	8087.487	1	1
1	18	11	1	0	0	1	0	0	0	1	1
1	25	12	1	0	0	0	0	0	2348.973	1	1
1	30	11	1	0	1	1	0	0	590.7818	1	1
1	17	10	1	0	0	1	0	0	0	1	1
1	37	9	1	0	0	1	0	0	1067.506	1	1
1	41	4	1	0	1	1	0	0	7284.986	1	1
1	42	14	1	0	1	0	0	0	13167.52	1	1
1	22	11	0	0	0	1	0	0	1048.432	1	1
1	17	8	1	0	0	1	0	0	0	1	1
1	29	8	1	0	0	1	0	0	1923.938	1	1
1	35	10	1	0	0	1	0	0	4666.236	1	1
1	27	11	1	0	0	1	0	0	549.2984	1	1
1	29	4	1	0	0	1	0	0	762.9146	1	1
1	28	9	1	0	0	1	0	0	10694.29	1	1
1	27	11	1	0	0	1	0	0	0	1	1
1	23	7	0	0	0	1	0	0	0	1	1
1	45	5	1	0	1	1	0	0	8546.715	1	1
1	29	13	1	0	0	0	0	0	7479.656	1	1
1	27	9	1	0	0	1	0	0	0	1	1
1	46	13	1	0	0	0	0	0	647.2046	1	1
1	18	6	1	0	0	1	0	0	0	1	1
1	25	12	1	0	0	0	0	0	11965.81	1	1
1	28	15	1	0	0	0	0	0	9598.541	1	1
1	25	11	0	0	0	1	0	0	18783.35	1	1
1	22	12	1	0	0	0	0	0	18678.08	1	1
1	21	9	1	0	0	1	0	0	0	1	1
1	40	11	1	0	0	1	0	0	23005.6	1	1
1	22	11	1	0	0	1	0	0	6456.697	1	1
1	25	12	1	0	0	0	0	0	0	1	1
1	18	12	1	0	0	0	0	0	2321.107	1	1
1	38	12	0	0	0	0	0	0	4941.849	1	1
1	27	13	1	0	0	0	0	0	0	1	1
1	27	8	1	0	0	1	0	0	0	1	1
1	38	11	1	0	0	1	0	0	0	1	1
1	23	8	0	1	0	1	0	0	3881.284	1	1
1	26	11	1	0	0	1	0	0	17230.96	1	1
1	21	12	0	0	0	0	0	0	8048.603	1	1
1	25	8	1	0	0	1	0	0	0	1	1
1	31	11	1	0	1	1	0	0	14509.93	1	1
1	17	10	1	0	0	1	0	0	0	1	1
1	25	11	1	0	0	1	0	0	0	1	1
1	21	12	1	0	0	0	0	0	9983.784	1	1
1	44	11	1	0	0	1	0	0	0	1	1
1	25	12	0	0	0	0	0	0	5587.503	1	1
1	18	9	1	0	0	1	0	0	4482.845	1	1
1	42	12	1	0	0	0	0	0	2456.153	1	1
1	25	10	1	0	0	1	0	0	0	1	1
1	31	9	0	1	0	1	0	0	26817.6	1	1
1	24	10	1	0	0	1	0	0	0	1	1
1	26	10	1	0	0	1	0	0	9265.788	1	1
1	25	11	1	0	0	1	0	0	485.2298	1	1
1	18	11	1	0	0	1	0	0	4814.627	1	1
1	19	11	1	0	0	1	0	0	7458.105	1	1
1	43	9	1	0	0	1	0	0	0	1	1
1	27	13	1	0	0	0	0	0	34099.28	1	1
1	17	9	1	0	0	1	0	0	1953.268	1	1
1	30	11	1	0	0	1	0	0	0	1	1
1	26	10	1	0	1	1	2027.999	0	0	0	1
1	20	9	1	0	0	1	6083.994	0	8881.665	0	1
1	17	9	0	1	0	1	445.1704	74.34345	6210.67	0	0
1	20	12	1	0	0	0	989.2678	165.2077	0	0	0
1	18	11	1	0	0	1	858.2543	214.5636	929.8839	0	0
1	27	12	1	0	1	0	3670.872	334.0493	0	0	0
1	21	12	0	0	0	0	3670.872	334.0494	12558.02	0	0
1	27	12	1	0	0	0	2143.413	357.9499	22163.25	0	0
1	20	12	1	0	0	0	0	377.5686	1652.637	1	0
1	19	10	1	0	0	1	0	385.2741	8124.715	1	0
1	23	12	1	0	0	0	5506.308	501.0741	671.3318	0	0
1	29	14	1	0	0	0	0	679.6734	17814.98	1	0
1	18	10	1	0	0	1	0	798.9079	9737.154	1	0
1	19	9	1	0	0	1	0	798.9079	17685.18	1	0
1	27	13	0	0	1	0	9381.566	853.7225	0	0	0
1	18	11	0	0	0	1	3678.231	919.5579	4321.705	0	0
1	27	9	1	0	1	1	0	934.4454	1773.423	1	0
1	22	12	1	0	0	0	5605.852	936.1773	0	0	0
1	23	10	1	0	1	1	0	936.4386	11233.26	1	0
1	23	12	0	1	0	0	9385.74	1117.439	559.4432	0	0
1	20	11	1	0	0	1	3637.498	1220.836	1085.44	0	0
1	17	9	1	0	0	1	1716.509	1253.439	5445.2	0	0
1	28	11	1	0	0	1	0	1284.079	60307.93	1	0
1	26	11	1	0	1	1	0	1392.853	1460.36	1	0
1	20	11	1	0	0	1	16318.62	1484.994	6943.342	0	0
1	24	11	1	0	1	1	824.3886	1666.113	4032.708	0	0
1	31	9	1	0	0	1	0	1698.607	10363.27	1	0
1	23	8	0	0	1	1	0	1713.15	4232.309	1	0
1	18	10	1	0	0	1	2143.411	1784.274	11141.39	0	0
1	29	12	1	0	0	0	10881.94	1817.284	0	0	0
1	26	11	0	0	0	1	0	2226.266	13385.86	1	0
1	24	9	1	0	0	1	9154.7	2288.675	4849.559	0	0
1	25	12	1	0	0	0	14426.79	2409.274	0	0	0
1	24	10	1	0	0	1	4250.402	2421.947	1660.508	0	0
1	46	8	1	0	0	1	3165.658	2594.723	0	0	0
1	31	12	0	0	0	0	0	2611.218	2484.549	1	0
1	19	11	1	0	0	1	2305.026	2615.276	4146.603	0	0
1	19	8	1	0	0	1	0	2657.057	9970.681	1	0
1	27	11	1	0	0	1	2206.94	2666.274	0	0	0
1	26	11	1	0	1	1	0	2754.646	26372.28	1	0
1	20	10	1	0	0	1	5005.731	2777.355	5615.189	0	0
1	28	10	1	0	0	1	0	2836.506	3196.571	1	0
1	24	12	1	0	0	0	13765.75	2842.764	6167.681	0	0
1	19	8	1	0	0	1	2636.353	2937.264	7535.942	0	0
1	23	12	1	0	0	0	6269.341	3039.96	8484.239	0	0
1	42	9	1	0	1	1	0	3058.531	1294.409	1	0
1	25	13	1	0	0	0	12362.93	3090.732	0	0	0
1	18	9	1	0	0	1	0	3287.375	5010.342	1	0
1	21	12	1	0	0	0	6473.683	3332.409	9371.037	0	0
1	27	10	1	0	0	1	1001.146	3550.075	0	0	0
1	21	8	1	0	0	1	989.2678	3695.897	4279.613	0	0
1	22	9	1	0	0	1	2192.877	3836.986	3462.564	0	0
1	31	4	1	0	0	1	8517.589	4023.211	7382.549	0	0
1	24	10	1	0	1	1	11703.2	4078.152	0	0	0
1	29	10	1	0	0	1	0	4398.95	0	1	0
1	29	12	1	0	0	0	9748.387	4878.937	10976.51	0	0
1	19	10	0	0	0	1	0	5324.109	13829.62	1	0
1	19	11	0	1	1	1	5424.485	5463.803	6788.463	0	0
1	31	9	1	0	0	1	10717.03	5517.841	9558.501	0	0
1	22	10	1	0	1	1	1468.348	5588.664	13228.28	0	0
1	21	9	1	0	0	1	6416.47	5749.331	743.6666	0	0
1	17	10	1	0	0	1	1291.468	5793.852	5522.788	0	0
1	26	12	1	0	1	0	8408.762	5794.831	1424.944	0	0
1	20	9	0	1	0	1	12260.78	5875.049	1358.643	0	0
1	19	10	1	0	0	1	4121.949	6056.754	0	0	0
1	26	10	1	0	0	1	25929.68	6788.958	672.8773	0	0
1	28	11	1	0	0	1	1929.029	6871.856	0	0	0
1	22	12	0	1	1	0	492.2305	7055.702	10092.83	0	0
1	33	11	1	0	0	1	0	7867.916	6281.433	1	0
1	22	12	0	0	0	0	6759.994	8455.504	12590.71	0	0
1	29	10	0	1	0	1	0	8853.674	5112.014	1	0
1	33	12	1	0	1	0	20279.95	10941.35	15952.6	0	0
1	25	14	1	0	1	0	35040.07	11536.57	36646.95	0	0
1	35	9	1	0	1	1	13602.43	13830.64	12803.97	0	0
1	35	8	1	0	1	1	13732.07	17976.15	3786.628	0	0
1	33	11	1	0	1	1	14660.71	25142.24	4181.942	0	0
